bezier
85 50 165 225 326 243 406 68
bezier
85 50 161 216 322 252 398 86
bezier
85 50 157 207 318 261 390 104
bezier
85 50 153 198 314 270 382 122
bezier
85 50 148 188 310 278 373 140
bezier
85 50 144 179 306 287 365 158
bezier
85 50 140 170 302 296 357 176
bezier
85 50 136 161 298 305 349 194
bezier
85 50 131 151 294 313 340 211
bezier
85 50 127 142 290 322 332 229
bezier
85 50 123 133 286 331 324 247
bezier
85 50 119 124 282 340 316 266
bezier
85 50 114 114 278 348 307 284
bezier
85 50 110 105 274 357 299 302
bezier
85 50 106 96 270 366 291 320
bezier
85 50 101 86 266 375 283 338
bezier
85 50 97 77 262 383 274 356
bezier
85 50 93 68 258 392 266 374
bezier
85 50 89 59 253 401 258 392
line
85 50 0 250 409 0
display
reflect
display
save
arrow.png